00100000
00001000
00000000
00000000
00100000
00001101
00000000
00110000
10001101
10101101
00000000
00000000
00100000
00001010
00000000
00000001
00000000
00000000
00000000
00000000
10101101
00001010
00000000
00000000
10101101
00001010
00000000
00000100
00100001
10101001
11111111
11111110
10001101
00001011
00000000
00000000
10001101
00001100
00000000
00000100
00000001
01101100
01010000
00100000
10101101
00001010
00000000
00001000
00100001
00001000
00000000
00000100
00100001
00101001
11111111
11111111
00010101
00100000
11111111
11111001
00100000
00000100
00000000
00000000
00000000
00001101
00101000
00100000
00001100
00000000
00000000
00010100
00100000
00000010
00000000
00001010
